P01 10 0 0
P02 1 1 2
P03 2 2 4
P04 1 3 6
P05 5 1 8
P06 20 2 10
P07 3 2 15
P08 3 5 18
P09 12 6 22
P10 6 1 23
P11 9 1 27
P12 53 3 30
P13 17 4 33
P14 68 2 35
P15 24 1 38
P16 5 3 39
P17 4 1 44
P18 3 6 46
P19 1 4 49
P20 2 1 51
P21 1 2 57
P22 2 1 58
P23 3 2 59
P24 4 3 60
P25 5 4 62
P26 6 5 64
P27 1 6 66
P28 2 1 67
P29 3 2 69
P30 4 3 70
P31 5 4 71
P32 6 5 73
P33 1 6 74
P34 2 1 75
P35 3 2 76
P36 4 3 78
P37 5 4 79
P38 6 5 80
P39 1 5 81
P40 2 6 82
P41 3 1 83
P42 4 2 84
P43 5 3 85 
P44 6 4 86
P45 1 5 87
P46 2 6 88
P47 3 1 89
P48 4 2 90
P49 5 3 91
P50 6 4 93
P51 1 6 95
P52 2 1 97
P53 3 2 99
P54 4 3 100
P55 5 4 101
P56 6 5 106
P57 1 6 140
P58 2 1 150
P59 3 2 155
P60 4 3 160
